89 / 3581 / 53.5 / -16.85058544
Calculated RTP: 1.014939961 / Expected RTP: 0.995294447
m1: 0.0009864471019
m2: 7.96882028e-06

47 / 1899
cRTP: 0.9844655 / eRTP: 0.99564978
m1: 0.00098302
m2: 7.23545e-06